<!doctype html>
<html lang="ru">
<head>
  <meta charset="UTF-8" />
  <meta name="viewport" content="width=device-width, initial-scale=1.0" />
  <title>HockeyPredictor Визуальный отчет</title>
  <script src="https://cdn.plot.ly/plotly-2.35.2.min.js"></script>
  <style>
    body { font-family: Arial, sans-serif; margin: 20px; background: #0f172a; color: #e2e8f0; }
    h1, h2 { margin: 8px 0; }
    .grid { display: grid; grid-template-columns: 1fr 1fr; gap: 16px; }
    .card { background: #111827; border: 1px solid #1f2937; border-radius: 10px; padding: 12px; }
    .wide { grid-column: span 2; }
    .stats-grid { display: grid; grid-template-columns: repeat(4, 1fr); gap: 10px; }
    .stat-box { background: #0b1220; border: 1px solid #243042; border-radius: 8px; padding: 10px; }
    .stat-label { font-size: 12px; color: #94a3b8; margin-bottom: 6px; }
    .stat-value { font-size: 22px; font-weight: 700; color: #f8fafc; }
    .formula { margin: 8px 0; background: #0b1220; border: 1px solid #243042; border-radius: 8px; padding: 10px; }
    .formula code { color: #e2e8f0; font-size: 14px; }
    #metricsTable table { width: 100%; border-collapse: collapse; }
    #metricsTable th, #metricsTable td { border: 1px solid #243042; padding: 8px; text-align: left; }
    #metricsTable th { background: #0b1220; }
  </style>
</head>
<body>
  <h1>HockeyPredictor: Визуальный отчет</h1>
  <p>EDA-анализ, фокус на Динамо Минск, метрики моделей.</p>

  <div class="grid">
    <div class="card wide">
      <h2>Динамо Минск: ключевая статистика</h2>
      <div id="dinamoSummary" class="stats-grid"></div>
    </div>

    <div class="card wide">
      <h2>Формулы расчета</h2>
      <div class="formula">
        <div><b>Коэффициент корреляции Пирсона:</b></div>
        <code>r = Σ((xᵢ - x̄)(yᵢ - ȳ)) / √(Σ(xᵢ - x̄)² Σ(yᵢ - ȳ)²)</code>
      </div>
      <div class="formula">
        <div><b>Логистическая регрессия (вероятность победы хозяев):</b></div>
        <code>p(homeWin=1|x) = 1 / (1 + e^(-(β₀ + β₁x₁ + ... + βₖxₖ)))</code>
      </div>
      <div class="formula">
        <div><b>Пуассоновская модель голов:</b></div>
        <code>λ(x) = exp(β₀ + β₁x₁ + ... + βₖxₖ),  P(Y=y) = e^-λ * λʸ / y!</code>
      </div>
      <div class="formula">
        <div><b>Метрики:</b></div>
        <code>Accuracy = (TP+TN)/N, LogLoss = -(1/N)Σ[y log(p)+(1-y) log(1-p)], RMSE = √((1/N)Σ(y-ŷ)²)</code>
      </div>
    </div>

    <div class="card wide">
      <h2>Тепловая карта корреляций</h2>
      <div id="corr" style="height: 520px;"></div>
    </div>

    <div class="card">
      <h2>Распределение голов</h2>
      <div id="goalsDist" style="height: 360px;"></div>
    </div>

    <div class="card">
      <h2>Распределение разницы голов</h2>
      <div id="goalDiffDist" style="height: 360px;"></div>
    </div>

    <div class="card wide">
      <h2>Динамика формы команд (средние очки за 5 матчей)</h2>
      <div id="teamForm" style="height: 420px;"></div>
    </div>

    <div class="card wide">
      <h2>Динамо Минск: голы по матчам</h2>
      <div id="dinamoGoals" style="height: 360px;"></div>
    </div>

    <div class="card wide">
      <h2>Метрики моделей</h2>
      <div id="metricsTable"></div>
    </div>
  </div>

  <script>
    const corrFeatures = ["restDaysHome","restDaysAway","formLast5Home","formLast5Away","shotsForAvgHome","shotsForAvgAway","shotsAgainstAvgHome","shotsAgainstAvgAway","faceoffPctHome","faceoffPctAway","ppPctHome","ppPctAway","goalieSvPctHome","goalieSvPctAway","homeGoals","awayGoals","homeWin"];
    const corrLabelsRu = ["Дни отдыха (хозяева)","Дни отдыха (гости)","Форма за 5 матчей (хозяева)","Форма за 5 матчей (гости)","Броски в створ, ср. (хозяева)","Броски в створ, ср. (гости)","Броски против, ср. (хозяева)","Броски против, ср. (гости)","Вбрасывания %, ср. (хозяева)","Вбрасывания %, ср. (гости)","Большинство %, ср. (хозяева)","Большинство %, ср. (гости)","Сэйвы вратаря %, ср. (хозяева)","Сэйвы вратаря %, ср. (гости)","Голы хозяев","Голы гостей","Победа хозяев"];
    const corrZ = [[1,-0.2989,-0.2827,-0.0767,-0.2105,-0.0578,0.1551,0.0888,-0.0908,-0.1482,0.0057,-0.012,-0.1744,-0.0803,0.0146,-0.1338,0.0081],[-0.2989,1,0.1617,-0.3602,0.0461,-0.1814,-0.0815,0.0751,0.022,0.0327,-0.0192,0.0767,0.1175,-0.1529,0.0734,0.0602,0.001],[-0.2827,0.1617,1,0.2624,0.3199,0.1387,-0.0761,-0.0609,-0.0889,0.2252,0.1962,-0.1071,0.2418,0.1403,-0.02,0.039,0.0015],[-0.0767,-0.3602,0.2624,1,0.0807,0.1239,-0.0828,-0.062,0.018,0.1109,0.0056,-0.1336,0.0247,0.3013,0.0966,0.0727,-0.0214],[-0.2105,0.0461,0.3199,0.0807,1,0.0436,-0.0194,-0.0362,-0.3353,0.0687,0.1792,-0.0013,-0.0946,0.0431,0.0859,0.1253,0.0024],[-0.0578,-0.1814,0.1387,0.1239,0.0436,1,0.1131,-0.07,-0.0997,0.0815,-0.2541,-0.1812,-0.0487,0.0046,-0.0377,0.0464,-0.1001],[0.1551,-0.0815,-0.0761,-0.0828,-0.0194,0.1131,1,0.0314,-0.2318,0.0431,0.1399,-0.0349,-0.2895,-0.0671,-0.0229,-0.0292,-0.0513],[0.0888,0.0751,-0.0609,-0.062,-0.0362,-0.07,0.0314,1,-0.0636,0.0051,-0.0921,-0.2446,-0.0602,-0.1213,0.0395,0.0278,-0.0135],[-0.0908,0.022,-0.0889,0.018,-0.3353,-0.0997,-0.2318,-0.0636,1,-0.0423,-0.0169,0.0438,0.1007,0.0505,0.0301,0.0328,-0.058],[-0.1482,0.0327,0.2252,0.1109,0.0687,0.0815,0.0431,0.0051,-0.0423,1,-0.0485,-0.0637,-0.0027,0.2359,0.0045,-0.0948,0.0816],[0.0057,-0.0192,0.1962,0.0056,0.1792,-0.2541,0.1399,-0.0921,-0.0169,-0.0485,1,-0.0758,0.0633,0.1116,-0.0223,-0.052,0.1109],[-0.012,0.0767,-0.1071,-0.1336,-0.0013,-0.1812,-0.0349,-0.2446,0.0438,-0.0637,-0.0758,1,0.1449,-0.5017,-0.0268,-0.0807,0.0741],[-0.1744,0.1175,0.2418,0.0247,-0.0946,-0.0487,-0.2895,-0.0602,0.1007,-0.0027,0.0633,0.1449,1,-0.0291,-0.0187,-0.0028,0.0748],[-0.0803,-0.1529,0.1403,0.3013,0.0431,0.0046,-0.0671,-0.1213,0.0505,0.2359,0.1116,-0.5017,-0.0291,1,0.0622,-0.0323,0.0518],[0.0146,0.0734,-0.02,0.0966,0.0859,-0.0377,-0.0229,0.0395,0.0301,0.0045,-0.0223,-0.0268,-0.0187,0.0622,1,-0.0442,0.5211],[-0.1338,0.0602,0.039,0.0727,0.1253,0.0464,-0.0292,0.0278,0.0328,-0.0948,-0.052,-0.0807,-0.0028,-0.0323,-0.0442,1,-0.6989],[0.0081,0.001,0.0015,-0.0214,0.0024,-0.1001,-0.0513,-0.0135,-0.058,0.0816,0.1109,0.0741,0.0748,0.0518,0.5211,-0.6989,1]];
    const homeGoals = [3,5,2,2,4,3,2,3,5,3,3,4,3,4,3,3,4,4,4,2,3,2,3,4,3,3,3,4,3,3,3,4,5,2,2,3,2,2,4,2,3,4,4,4,3,4,4,3,4,3,3,2,4,3,3,3,4,3,5,3,4,4,3,5,2,2,4,2,4,3,4,3,5,5,4,3,4,4,4,4,4,3,4,4,5,2,2,3,3,2,4,4,4,3,5,4,2,2,5,4,4,2,5,3,4,3,2,2,4,4,5,2,3,4,4,2,5,3,3,4,3,4,4,3,4,2,2,5,4,4,2,2,4,3,4,3,4,3,4,5,2,3,5,5,3,4,2,3,2,2];
    const awayGoals = [2,3,4,2,3,3,3,4,3,3,3,2,2,4,1,2,1,3,2,3,1,4,2,1,2,3,4,2,4,4,3,4,3,3,3,3,1,4,2,4,3,4,3,2,2,2,3,2,4,1,1,2,1,1,2,1,3,2,3,3,2,3,1,3,3,1,4,1,3,1,2,2,2,2,2,3,4,2,2,3,4,1,4,2,3,4,4,3,4,3,1,1,2,3,3,4,4,2,3,4,1,4,3,2,2,4,2,2,2,3,2,1,4,2,3,2,3,1,2,2,4,2,2,3,4,3,4,4,2,3,2,4,4,3,1,4,4,1,4,1,4,3,2,1,3,4,1,4,2,4];
    const goalDiff = [1,2,-2,0,1,0,-1,-1,2,0,0,2,1,0,2,1,3,1,2,-1,2,-2,1,3,1,0,-1,2,-1,-1,0,0,2,-1,-1,0,1,-2,2,-2,0,0,1,2,1,2,1,1,0,2,2,0,3,2,1,2,1,1,2,0,2,1,2,2,-1,1,0,1,1,2,2,1,3,3,2,0,0,2,2,1,0,2,0,2,2,-2,-2,0,-1,-1,3,3,2,0,2,0,-2,0,2,0,3,-2,2,1,2,-1,0,0,2,1,3,1,-1,2,1,0,2,2,1,2,-1,2,2,0,0,-1,-2,1,2,1,0,-2,0,0,3,-1,0,2,0,4,-2,0,3,4,0,0,1,-1,0,-2];
    const formSeries = {"Lokomotiv":[0.4,0.4,0.4,0.8,1.2,1.6,1.6,2,1.6,1.6,1.2,1.2,1.2,1.6,1.6,1.6,1.2,0.8,0.8,1.2],"Ak Bars":[0.4,0.4,0.8,1.2,1.6,2,1.6,1.2,0.8,0.8,1.2,1.2,1.2,1.2,1.2,1.2,1.2,1.2,0.8,0.4],"Salavat Yulaev":[0.4,0.8,1.2,1.6,1.6,1.6,1.2,0.8,0.4,0.4,0.4,0.8,0.8,1.2,1.2,1.6,1.6,1.2,0.8,0.8],"Avangard":[0,0.4,0.8,0.8,1.2,1.6,1.2,1.2,1.2,1.2,1.6,1.2,1.2,1.6,1.2,0.8,0.8,0.4,0.8,1.2],"Traktor":[0.4,0.4,0.4,0.4,0.4,0.4,0.4,0.4,0.8,0.4,0.8,0.8,0.4,0.8,1.2,0.8,0.8,0.8,0.4,0.4],"SKA":[0.667,0.5,0.8,1.2,1.2,1.2,1.6,1.6,1.6,1.6,1.2,1.2,0.8,1.2,1.2,1.6,1.2,0.8,0.8,0.4]};
    const dinamoSummary = {"team":"Dinamo Minsk","matches":28,"wins":5,"winRate":17.86,"avgGoalsFor":2.43,"avgGoalsAgainst":3.25,"avgRestDays":5.25,"avgForm":0.43,"avgShotsFor":29.22,"avgPpPct":22.44};
    const dinamoTimeline = {"labels":["Матч 1","Матч 2","Матч 3","Матч 4","Матч 5","Матч 6","Матч 7","Матч 8","Матч 9","Матч 10","Матч 11","Матч 12","Матч 13","Матч 14","Матч 15","Матч 16","Матч 17","Матч 18","Матч 19","Матч 20","Матч 21","Матч 22","Матч 23","Матч 24","Матч 25","Матч 26","Матч 27","Матч 28"],"goalsFor":[3,5,2,2,4,3,2,3,5,3,1,2,3,2,2,1,2,1,3,2,1,2,1,2,4,2,4,1],"goalsAgainst":[2,3,4,2,3,3,3,4,3,3,4,3,3,4,3,3,5,3,2,4,4,4,2,4,5,2,4,2]};
    const dinamoStandings = {"place":5,"team":"Динамо Мн","games":68,"wins":33,"winsOt":2,"winsSo":4,"lossesSo":5,"lossesOt":5,"losses":19,"goalsFor":247,"goalsAgainst":173,"points":88};
    const modelReport = {"sampleSizes":{"rawMatches":160,"features":150,"train":120,"test":30},"classification":{"accuracy":0.6333,"logLoss":0.6644,"confusionMatrix":[[19,0],[11,0]]},"goalsRegression":{"homeGoals":{"mae":3.2833,"rmse":3.4355},"awayGoals":{"mae":9.1,"rmse":9.1706}},"artifacts":{"raw":"data/raw/matches.json","processed":"data/processed/features.json","correlationMatrix":"reports/correlation-matrix.json"}};

    const statItems = dinamoStandings
      ? [
          { label: "Место в таблице", value: dinamoStandings.place },
          { label: "Матчей", value: dinamoStandings.games },
          { label: "Побед (в осн. время)", value: dinamoStandings.wins },
          { label: "Побед ОТ/Б", value: (dinamoStandings.winsOt + dinamoStandings.winsSo) },
          { label: "Поражений ОТ/Б", value: (dinamoStandings.lossesOt + dinamoStandings.lossesSo) },
          { label: "Поражений", value: dinamoStandings.losses },
          { label: "Шайбы", value: dinamoStandings.goalsFor + " - " + dinamoStandings.goalsAgainst },
          { label: "Очки", value: dinamoStandings.points }
        ]
      : [
          { label: "Матчей", value: dinamoSummary.matches },
          { label: "Побед", value: dinamoSummary.wins },
          { label: "Процент побед", value: dinamoSummary.winRate + "%" },
          { label: "Ср. голы забитые", value: dinamoSummary.avgGoalsFor },
          { label: "Ср. голы пропущенные", value: dinamoSummary.avgGoalsAgainst },
          { label: "Ср. дни отдыха", value: dinamoSummary.avgRestDays },
          { label: "Ср. форма (5 матчей)", value: dinamoSummary.avgForm },
          { label: "Ср. броски в створ", value: dinamoSummary.avgShotsFor },
          { label: "Ср. большинство, %", value: dinamoSummary.avgPpPct }
        ];

    const statsHtml = statItems
      .map((item) => '<div class="stat-box"><div class="stat-label">' + item.label + '</div><div class="stat-value">' + item.value + '</div></div>')
      .join("");
    document.getElementById("dinamoSummary").innerHTML = statsHtml;

    Plotly.newPlot("corr", [{
      type: "heatmap",
      x: corrLabelsRu,
      y: corrLabelsRu,
      z: corrZ,
      colorscale: "RdBu",
      zmid: 0
    }], {
      paper_bgcolor: "#111827",
      plot_bgcolor: "#111827",
      font: { color: "#e2e8f0" },
      xaxis: { automargin: true, tickangle: -25, tickfont: { size: 11 } },
      yaxis: { automargin: true, tickfont: { size: 11 } },
      margin: { l: 280, r: 20, t: 20, b: 170 }
    });

    Plotly.newPlot("goalsDist", [
      { x: homeGoals, type: "histogram", name: "Голы хозяев", opacity: 0.7 },
      { x: awayGoals, type: "histogram", name: "Голы гостей", opacity: 0.7 }
    ], {
      barmode: "overlay",
      paper_bgcolor: "#111827",
      plot_bgcolor: "#111827",
      font: { color: "#e2e8f0" },
      xaxis: { title: "Количество голов" },
      yaxis: { title: "Частота" },
      margin: { l: 40, r: 20, t: 20, b: 40 }
    });

    Plotly.newPlot("goalDiffDist", [{
      x: goalDiff,
      type: "histogram",
      marker: { color: "#38bdf8" }
    }], {
      paper_bgcolor: "#111827",
      plot_bgcolor: "#111827",
      font: { color: "#e2e8f0" },
      xaxis: { title: "Разница голов (хозяева - гости)" },
      yaxis: { title: "Частота" },
      margin: { l: 40, r: 20, t: 20, b: 40 }
    });

    const traces = Object.entries(formSeries).map(([team, points]) => ({
      y: points,
      mode: "lines+markers",
      name: team
    }));
    Plotly.newPlot("teamForm", traces, {
      paper_bgcolor: "#111827",
      plot_bgcolor: "#111827",
      font: { color: "#e2e8f0" },
      xaxis: { title: "Порядковый номер домашнего матча" },
      yaxis: { title: "Средние очки за последние 5 матчей" },
      margin: { l: 60, r: 20, t: 20, b: 50 }
    });

    Plotly.newPlot("dinamoGoals", [
      { x: dinamoTimeline.labels, y: dinamoTimeline.goalsFor, mode: "lines+markers", name: "Забитые" },
      { x: dinamoTimeline.labels, y: dinamoTimeline.goalsAgainst, mode: "lines+markers", name: "Пропущенные" }
    ], {
      paper_bgcolor: "#111827",
      plot_bgcolor: "#111827",
      font: { color: "#e2e8f0" },
      xaxis: { title: "Матчи Динамо Минск" },
      yaxis: { title: "Количество голов" },
      margin: { l: 60, r: 20, t: 20, b: 70 }
    });

    const classification = modelReport.classification || {};
    const goalsRegression = modelReport.goalsRegression || {};
    const homeGoalsMetrics = goalsRegression.homeGoals || {};
    const awayGoalsMetrics = goalsRegression.awayGoals || {};

    const metricsTableHtml = [
      '<table>',
      '<thead><tr><th>Модель</th><th>Метрика</th><th>Значение</th></tr></thead>',
      '<tbody>',
      '<tr><td>Логистическая</td><td>Accuracy</td><td>' + (classification.accuracy ?? "-") + '</td></tr>',
      '<tr><td>Логистическая</td><td>LogLoss</td><td>' + (classification.logLoss ?? "-") + '</td></tr>',
      '<tr><td>Пуассон (голы хозяев)</td><td>MAE</td><td>' + (homeGoalsMetrics.mae ?? "-") + '</td></tr>',
      '<tr><td>Пуассон (голы хозяев)</td><td>RMSE</td><td>' + (homeGoalsMetrics.rmse ?? "-") + '</td></tr>',
      '<tr><td>Пуассон (голы гостей)</td><td>MAE</td><td>' + (awayGoalsMetrics.mae ?? "-") + '</td></tr>',
      '<tr><td>Пуассон (голы гостей)</td><td>RMSE</td><td>' + (awayGoalsMetrics.rmse ?? "-") + '</td></tr>',
      '</tbody>',
      '</table>'
    ].join("");
    document.getElementById("metricsTable").innerHTML = metricsTableHtml;
  </script>
</body>
</html>